 Hoy Apophis
Sun
-0.04924230984700202 0.07413250988738541 0.033049254459445974 -6.6388412066926346E-6 1.133341124576902E-5 5.0207397072079875E-6
Mercury
-0.17610645195398875 0.3257065463075752 0.18058967247679675 -0.031429340344019896 -0.010195419626137459 -0.002191178167382412
Venus
0.5306979943315578 0.48151653016469614 0.17967468286368754 -0.012152918083256681 0.014445658674203011 0.007268656802799953
Earth
-0.9666491099761898 -0.29767661791580674 -0.1281173989378727 0.006667870654945935 -0.014492751378383857 -0.006281966557609742
Mars
-1.636666017428021 -0.2843098499138168 -0.08855351190012417 0.0037495926390427045 -0.011242403832334113 -0.005258148377609951
Jupiter
-5.092975796484326 -1.8680129370963963 -0.6766249751411492 0.0027644586659107398 -0.006065484842338343 -0.002667108326228728
Saturn
6.620173187734463 5.9999362339468405 2.193353415797614 -0.004135579765564755 0.003682250121491831 0.0016990814223754101
Uranus
5.481440160577242 17.010830868577532 7.372570781209611 -0.003801828520201032 8.534638464243567E-4 4.2754996418374185E-4
Neptune
29.491198683135654 4.311807009365352 1.03205510788142 -4.7644648481234766E-4 0.0028954220558740193 0.0011971054429254654
Moon
-0.9641722036395529 -0.29676535849318164 -0.12747443162682004 0.006438766585392357 -0.014017160326384462 -0.006091298157302557
Pluto
22.342215389097777 -24.528710246438582 -14.391504561956078 0.002555451613514578 0.001485151883976823 -3.0717222232262546E-4
Apophis
-0.9667942458436934 -0.2974954027063366 -0.1279998231519464 0.010259498678723309 -0.01306575987166491 -0.004491475530904823
Time: 2.527