Time (integration end): 10695.402189641029
Sun
-0.04924230988806554 0.0741325094775456 0.033049254278433006 -6.638840277791099E-6 1.133341083503477E-5 5.020739494947598E-6
Mercury
-0.1760739199652975 0.3257152600578048 0.18059095619967258 -0.03143059302272209 -0.010193391020498316 -0.002189964676101846
Venus
0.5307088992826922 0.4815037437978422 0.17966823929341236 -0.012152513410989977 0.014445939303585589 0.007268757478965487
Earth
-0.9666535052386361 -0.2976669452082976 -0.12811320605008678 0.006667691107983794 -0.014492825043494811 -0.006281998488611911
Mars
-1.6366682833837685 -0.28430391946576944 -0.08855073060362226 0.0037495327525022856 -0.011242415373131143 -0.00525815205623793
Jupiter
-5.092976239732392 -1.8680121457310275 -0.6766246251587027 0.002764457349015416 -0.0060654852555545495 -0.0026671084712877823
Saturn
6.620173515577601 5.999935949827366 2.1933532843143837 -0.004135579566239759 0.0036822502936456536 0.0016990814848924095
Uranus
5.481440243214719 17.010830890611825 7.372570789688172 -0.003801828505975022 8.534638617654691E-4 4.275499707017512E-4
Neptune
29.491198701523427 4.3118069996826796 1.032055103460796 -4.764464804113266E-4 0.002895422054840325 0.0011971054423927877
Moon
-0.9641766040657337 -0.2967556750350228 -0.12747023420337852 0.0064385845605908374 -0.01401723499614232 -0.006091330530866747
Pluto
22.342215393477105 -24.528710262229517 -14.391504568210625 0.002555451615001625 0.0014851518811702905 -3.0717222364875406E-4
Apophis
-0.9668011741683424 -0.29748860120627585 -0.12799763088088822 0.010258512886124853 -0.013057647129053667 -0.004487824675937554
Time: 4.356