Sun
-0.04924230988752357 0.07413250947722912 0.03304925427817504 -6.638840271138387E-6 1.133341083283566E-5 5.020739493325942E-6
Mercury
-0.17607359795599845 0.3257153706934556 0.1805909819323835 -0.03143060483400825 -0.010193366121082596 -0.0021899501504938123
Venus
0.5307088996174169 0.48150374339913427 0.17966823909291377 -0.012152513398737672 0.014445939312227069 0.007268757482090777
Earth
-0.9666535347597184 -0.29766687822615706 -0.12811317450419202 0.006667693053883605 -0.014492824703204621 -0.006281996950732669
Mars
-1.6366682834384165 -0.2843039193091585 -0.08855073053040258 0.0037495327509672154 -0.011242415373456906 -0.005258152056346938
Jupiter
-5.092976239734234 -1.8680121457260257 -0.6766246251567033 0.002764457349007501 -0.0060654852555576295 -0.002667108471288953
Saturn
6.620173515578471 5.999935949827546 2.193353284314304 -0.004135579566239473 0.0036822502936456913 0.0016990814848923486
Uranus
5.481440243213621 17.010830890611235 7.372570789687722 -0.0038018285059752176 8.534638617651264E-4 4.275499707015893E-4
Neptune
29.491198701523725 4.311806999682779 1.0320551034607282 -4.7644648041135013E-4 0.0028954220548402824 0.0011971054423927853
Pluto
22.342215393477375 -24.528710262229318 -14.391504568210618 0.00255545161500166 0.0014851518811703041 -3.0717222364873097E-4
Moon
-0.9641772569686187 -0.29675415016273393 -0.12746980772639951 0.006438300510371736 -0.014017316002518508 -0.006091478636664048
Apophis
-0.9667990818882177 -0.2974917202276582 -0.12799900974367234 0.010289827191693524 -0.013066241304879536 -0.004491853438661691
Sun | 22.061239372311938: 9.247119190840603
Mercury | 38.25226002033399: 17.044420473199683
Venus | 27.484561685004852: 10.331148714518427
Mars | 178.8537275258014: 3.3802164593346813
Jupiter | -159.16700841087578: -7.081086435081582
Saturn | 39.69321031949692: 13.247974252216341
Uranus | 69.56628693314573: 22.101301556266346
Neptune | 8.604833928783261: 2.156462757929513
Pluto | -46.11231053079765: -22.987937522497084
Moon | 20.238555711871502: 13.702368343338728
Apophis | 129.72464580666195: 26.62347869133711
Sun
0.9174112248721948 0.37179938770338616 0.16116242878236706 -0.006674331894154743 0.014504158114037456 0.006287017690225994
Mercury
0.79057993680372 0.6233822489196126 0.3087041564365755 -0.03809829788789186 0.004299458582122025 0.004092046800238856
Venus
1.4973624343771352 0.7791706216252914 0.30778141359710576 -0.018820206452621276 0.02893876401543169 0.013550754432823445
Mars
-0.6700147486786981 0.013362958916998569 0.03956244397378944 -0.0029181603029163894 0.0032504093297477145 0.0010238448943857307
Jupiter
-4.126322704974516 -1.5703452674998686 -0.5485114506525113 -0.003903235704876104 0.008427339447646991 0.0036148884794437158
Saturn
7.586827050338189 6.297602828053703 2.321466458818496 -0.010803272620123077 0.018175074996850313 0.007981078435625018
Uranus
6.448093777973339 17.30849776883739 7.500683964191914 -0.010469521559858821 0.015346288564969748 0.006709546921434258
Neptune
30.457852236283443 4.609473877908936 1.16016827796492 -0.0071441395342949545 0.017388246758044904 0.007479102393125454
Pluto
23.308868928237093 -24.23104338400316 -14.263391393706426 -0.004112241438881945 0.015977976584374925 0.0059748247270839374
Moon
0.0024762777910997125 9.127280634231294E-4 6.433667777925034E-4 -2.2939254351186846E-4 4.755087006861128E-4 1.905183140686207E-4
Apophis
-1.4554712849934592E-4 1.7515799849887603E-4 1.1416476051967495E-4 0.003622134137809919 0.001426583398325085 0.0017901435120709778
Sun | 22.06005029272127: 9.245333064859556
Mercury | 38.250739474220204: 17.042692566776225
Venus | 27.483786956628183: 10.330104306260269
Mars | 178.8544969528087: 3.3780221302257307
Jupiter | -159.16674882957153: -7.081479600541698
Saturn | 39.69305239620474: 13.24779941027796
Uranus | 69.5661865124683: 22.101226135913958
Neptune | 8.604807622540322: 2.1564094671372818
Pluto | -46.11228386689416: -22.987959974628655
Moon | 19.814266712607083: 13.012784356611784
Apophis | 124.69070209798623: 23.267062048912788
Time: 9.882