Tas 0.1 días de integración desde las condiciones iniciales en J2000 según Horizons: (RK5????)

x y z vx vy vz (au, au/d, ecuatoriales geométricas J2000)

Sun
4.1961709616797345E-11 3.756066206122432E-11 1.5144497150583723E-11 8.392086958517726E-10 7.511691331412769E-10 3.028678626113169E-10 1.0
Mercury
-0.1279550799709054 -0.4010805103181322 -0.20097112071719578 0.02140400715045251 -0.004809454446532497 -0.004788919663093205 1.660120825489089E-7
Venus
-0.7182196398618425 -0.04812324471467487 0.02380356844923769 8.550106456601169E-4 -0.018488098388288847 -0.00837165372119591 2.447838287796944E-6
Mars
1.3907823075971761 0.0027826204235656465 -0.03632835693241553 6.562176597887032E-4 0.013814015889862304 0.00631830367397128 3.2271560829138995E-7
Jupiter
4.000720281429999 2.7371668371757276 1.0757754981323433 -0.004569280374717992 0.005880800929704662 0.0026320431358407086 9.547919099414246E-4
Saturn
6.405979612067813 6.175010615254606 2.2749349724916788 -0.004292597423645454 0.0035281074988284078 0.0016418442046854836 2.8588567002459455E-4
Uranus
14.432124422238997 -12.506020056234544 -5.68158601727998 0.0026780515527348495 0.0024620511544435272 0.0010404307328014287 4.3662496132221186E-5
Neptune
16.812304894567678 -22.979933661974634 -9.824365771559707 0.0025792560367945893 0.0016684502072661592 6.188258586625941E-4 5.151383772654574E-5
Pluto
-9.875049354308965 -27.978980876990533 -5.753817934390315 0.0030287614462256463 -0.0011275632616758327 -0.0012651231917858187 7.350478973158631E-9
Earth
-0.17885559061734804 0.8871373197636345 0.3846166595153069 -0.01720219250961929 -0.0029258823413154996 -0.0012683959071574493 3.003489615465139E-6
Moon
-0.18076725374430835 0.8853163692747449 0.3840906597008213 -0.01682152452080575 -0.0033023299815551606 -0.0014400755918300284 3.6943033501098785E-8
Apophis
-1.037501625326017 -0.1282212047715832 -0.07455726816059072 0.004254041961108323 -0.014117794672361515 -0.005143431487876323 0.0