year, object, x, y, z
1800, Mercury, -0.2244014434657395   , 0.2057269561459834    , 0.13322340982986625
1800, Venus, -0.6198721644931693   , 0.31532387050498634   , 0.18097854393233806   
1800, Earth, -0.23352777493210902  , 0.8761039360948659    , 0.3803008797730833    
1800, Mars, -1.09100705691719     , -1.0234161117218297   , -0.439307430298       
1800, Jupiter, -0.03332573032180414  , 4.716726580239474     , 2.023474151117459     
1800, Saturn, -5.688446073095049    , 6.482572892491484     , 2.9177297942745812    
1800, Uranus, -18.27129019094369    , 0.8025132795374229    , 0.6117050413057107    
1800, Neptune, -20.309091354539326   , -21.009246283111146   , -8.093989913032727    
1800, Pluto, 36.32826470419773     , -11.85371988324849    , -14.640831063650143   
1800, Moon, -0.2308932824546752   , 0.8760544934907093    , 0.38011688536265154
1600, Mercury, 0.2815133360778834    , -0.2607854199327203   , -0.16864206459474218  
1600, Venus, -0.3063454391670987   , 0.5855029787631241    , 0.2821082404599284    
1600, Earth, -0.2723027921722274   , 0.866412731956287     , 0.37655459141894637   
1600, Mars, -0.8649964731190771   , 1.256517594987084     , 0.6002934835955354    
1600, Jupiter, -4.06975969802012     , 3.1467981105784375    , 1.4497512761818165    
1600, Saturn, -8.650286260811026    , -4.292639643629461    , -1.401537141084142    
1600, Uranus, 16.09537399439408     , 10.616219733051974    , 4.4214011415904135    
1600, Neptune, -26.58719010390101    , 12.886907611318268    , 5.935922745654385     
1600, Pluto, 41.02902908388603     , 25.723077469313203    , -4.337664164937968    
1600, Moon, -0.2734652016870861   , 0.868504476655378     , 0.377504463632338
1400, Mercury, -0.24374238891766709  , -0.3549159626175804   , -0.16352907116814808  
1400, Venus, -0.06795319929161625  , 0.6518131382390496    , 0.2962637862379442    
1400, Earth, -0.45576719914944397  , 0.7994176000677159    , 0.3478476854203861    
1400, Mars, 1.3929629366607048    , 0.14389733643068725   , 0.026340430744183685  
1400, Jupiter, -5.41496799121586     , -0.6017311213008445   , -0.1247213853525646   
1400, Saturn, 1.327864569577247     , -9.243385616198328    , -3.863747690995877    
1400, Uranus, -0.7362707204647321   , -17.64293369020082    , -7.719258056153226    
1400, Neptune, 7.980750189038282     , 26.672192558333496    , 10.718870651798765    
1400, Pluto, 13.67500614661704     , 44.42379018037252     , 9.729888618925504     
1400, Moon, -0.4531134711966056   , 0.798862738709252     , 0.34780194442123447   
1200, Mercury, 0.009593967650419755  , 0.2727804417114015    , 0.14432266489146328   
1200, Venus, 0.3656113697643584    , 0.5763796535297918    , 0.23442109172615      
1200, Earth, -0.4758428198924074   , 0.7893808348867981    , 0.343904370254164     
1200, Mars, -1.0053241306645715   , -1.075104988073292    , -0.4636342018856682   
1200, Jupiter, -3.2791531513782886   , -3.956146534170097    , -1.616658711203034    
1200, Saturn, 9.362759402733976     , -1.7455342271345444   , -1.1109013513791988   
1200, Uranus, -9.8714151447694      , 14.366865731691506    , 6.437989294670583     
1200, Neptune, 29.833052411117023    , -1.5703017339545828   , -1.383905501021049    
1200, Pluto, -22.96386257221209    , 26.265814344767357    , 15.100719362524243    
1200, Moon, -0.4763227844267357   , 0.7918682881235759    , 0.34486034938256693   
1000, Mercury, 0.11787600924026642   , -0.3793142648505836   , -0.21452877034676865  
1000, Venus, 0.6617263875651245    , 0.28359263651846867   , 0.08430985121312351   
1000, Earth, -0.49565802727888575  , 0.7790413860673182    , 0.3398183547075846    
1000, Mars, -0.929305138762029    , 1.2245213632422522    , 0.5883085335387617    
1000, Jupiter, 1.0127176654185408    , -4.673750559102743    , -2.031990304800189    
1000, Saturn, 3.5790729332482103    , 7.7063643492003955    , 3.019653185561471     
1000, Uranus, 19.69567972208403     , -3.3440924855508825   , -1.749861056466311    
1000, Neptune, 4.801354244890675     , -27.57913361767084    , -11.407729253048691   
1000, Pluto, -19.105732776099533   , -22.645961528482708   , -1.3036122473211706   
1000, Moon, -0.4979168298104546   , 0.7777672751597904    , 0.3393024179003734    
800, Mercury, -0.3844140906870137   , 0.0013807888477588293 , 0.041904253754835974  
800, Venus, 0.7118231203266348    , -0.11504545951510092  , -0.0968945291173835   
800, Earth, -0.5153400692882268   , 0.7682770568258253    , 0.33554705896779524   
800, Mars, 1.3984764037191528    , 0.10848707801066215   , 0.007993282895976783  
800, Jupiter, 4.485548247140866     , -1.9962509853685821   , -0.9696327767790878   
800, Saturn, -8.025732639010855    , 4.132187556559118     , 2.0294100625004194    
800, Uranus, -15.040450690954845   , -10.03949754133128    , -4.1823976835020895   
800, Neptune, -27.8331656998596     , -11.294198964652201   , -3.931937999125908    
800, Pluto, 30.172835072421467    , -18.80407350722119    , -14.941396392570805   
800, Moon, -0.5134870579389426   , 0.7667011810687927    , 0.3348901091423918    
600, Mercury, 0.3563979990539332    , -0.07100716136892427  , -0.07612788798763526  
600, Venus, 0.500087910134531     , -0.47160251631560035  , -0.24203770036487726  
600, Earth, -0.5348861291461926   , 0.7569953122608073    , 0.3310393031633727    
600, Mars, -1.0381500647133028   , -1.046633061071483    , -0.4478356048352734   
600, Jupiter, 4.378399469017595     , 2.1949216473066766    , 0.8329552220690501    
600, Saturn, -6.939491388400146    , -6.7267602593389215   , -2.47662129378787     
600, Uranus, 6.415647977157646     , 16.721334822131183    , 7.237272678931299     
600, Neptune, -17.88410612577783    , 22.131528623506654    , 9.502453229801407     
600, Pluto, 43.180750808269075    , 18.913906903598892    , -7.107021117268889    
600, Moon, -0.5337447723203783   , 0.7590701673391562    , 0.3318633399283766    
400, Mercury, -0.27502564184119693  , -0.33503417789414636  , -0.14828122488070927  
400, Venus, 0.10539854600686605   , -0.6556133396007247   , -0.29820741458022226  
400, Earth, -0.5541740697130466   , 0.7452950621631946    , 0.32633874217214154   
400, Mars, -0.883681527251178    , 1.2526209725229749    , 0.6005458669831467    
400, Jupiter, 0.7706809558387384    , 4.651673747638573     , 1.9793686918509599    
400, Saturn, 4.0516377693470105    , -8.42682771339265     , -3.6223671554089436   
400, Uranus, 10.708061967856091    , -15.117441307611386   , -6.784191988983908    
400, Neptune, 19.748736477736262    , 20.82419184271678     , 8.033592040084555     
400, Pluto, 21.011078145182722    , 43.04423422821149     , 7.079264892864032     
400, Moon, -0.5565541658473196   , 0.7456491763305451    , 0.32663977490983886   
200, Mercury, 0.05743549554014171   , 0.269640603641907     , 0.13694932872405752   
200, Venus, -0.3277905291246159   , -0.5989751280138673   , -0.24477962745767012  
200, Earth, -0.5731830544043559   , 0.7332206379332638    , 0.32147933454692135   
200, Mars, 1.402694830692918     , 0.07368120249969135   , -0.009983025875811347 
200, Jupiter, -3.52228086799931     , 3.6243684399012857    , 1.6475019275244214    
200, Saturn, 9.30117239430999      , 1.0622036893705475    , 0.060531007429470485  
200, Uranus, -17.363130028560207   , 5.328796204585355     , 2.5907466564732777    
200, Neptune, 26.091571979606485    , -13.487075704590218   , -6.16753374747564     
200, Pluto, -16.11743110428804    , 33.865877803096424    , 15.391691209103158    
200, Moon, -0.5732204100513609   , 0.7310657521758235    , 0.32037303508178816   
1, Mercury, 0.32851708388216316   , -0.17685823699458147  , -0.12977200408755696  
1, Venus, 0.21863308805515214   , 0.6326406478561868    , 0.26630694346956085   
1, Earth, -0.6022919144341117   , 0.713574455327854     , 0.313279748648013     
1, Mars, 0.3208812673100372    , 1.3940584459151792    , 0.6276117375850623    
1, Jupiter, -4.857880735480759    , -2.2711942055594587   , -0.8524421758971998   
1, Saturn, -1.8814824526577434   , 8.110349088084533     , 3.397337176521185     
1, Uranus, 17.75956417196503     , 8.311426477048972     , 3.384005827633237     
1, Neptune, -7.308081245440906    , -27.280805550678586   , -10.985248318520089   
1, Pluto, -26.33393933077069    , -14.00244373320612    , 3.5656489692612507    
1, Moon, -0.6046761289240057   , 0.7140606572506876    , 0.31329831237051264   
