1.1060743860891176E-4 , -0.004131812801857038 
3.63518549170716E-5   , -0.003994208482919537 
-3.7903429547458956E-5, -0.003856582862448721 
-1.1215796102184705E-4, -0.0037189342671284376
-1.8641118315690375E-4, -0.003581260867492553 
-2.6066241967859227E-4, -0.003443560653777822 
-3.349108372329712E-4 , -0.003305831439167628 
-4.091554173059758E-4 , -0.0031680708357031406
-4.833949211824895E-4 , -0.0030302762315858045
-5.576278318537298E-4 , -0.0028924447991802715
-6.31852301643282E-4  , -0.002754573480603262 
-7.060660897782872E-4 , -0.0026166589818743535
-7.80266474774291E-4  , -0.0024786978078927824
-8.544501725017833E-4 , -0.002340686288748395 
-9.286132480646886E-4 , -0.002202620632602237 
-0.0010027510128772371, -0.00206449704175804  
-0.0010768579477315743, -0.0019263118456546158
-0.0011509276538611557, -0.0017880616862584464
-0.0012249528406772098, -0.0016497437865730102
-0.0012989254089645769, -0.0015113562399061697
-0.0013728366444028667, -0.0013728983257920158
-0.0014466775282120092, -0.001234370839603427 
-0.001520439195541179 , -0.001095776321731634 
-0.0015941134945005736, -9.571191482689034E-4 
-0.0016676935613302302, -8.184054573022737E-4 
-0.0017411743447261624, -6.796428362368934E-4 
-0.001814552967235275 , -5.408398288979654E-4 
-0.001887828843772893 , -4.020053667644907E-4 
-0.0019610035760509043, -2.6314816610284453E-4
-0.002034080652148329 , -1.2427620440091935E-4
-0.002107065015259882 , 1.4603649384548056E-5 
-0.002179962615859704 , 1.5348591138697465E-4 
-0.0022527799996101827, 2.923666986666129E-4  
-0.0023255239494531788, 4.3124399351035514E-4 
-0.0023982011763388073, 5.701183320109271E-4  
-0.0024708177164868006, 7.089948439631399E-4  
-0.002543375395369127 , 8.478900931302435E-4  
-0.002615842753978595 , 9.86846568576949E-4   
-0.002688125026602081 , 0.0011258486270266932 
-0.0027602707369675655, 0.0012648099156629122 
-0.002832347289498882 , 0.0014037309295142908 
-0.0029043763468203088, 0.001542621890829543  
-0.0029763669961501843, 0.0016814884045986966 
-0.0030483245553374616, 0.0018203337280445764 
-0.003120252788686495 , 0.0019591600345271187 
-0.0031921546323706307, 0.002097968927077809  
-0.003264032505703243 , 0.0022367616898848475 
-0.003335888468519191 , 0.0023755394173742284 
-0.0034077242989978274, 0.0025143030594113602 
