-0.001510789400544943 , -6.782518471886156E-4 
-0.0014584938278843218, -6.431623708635925E-4 
-0.0014060979771784998, -6.080285819424214E-4 
-0.0013535924980789815, -5.728473124434474E-4 
-0.0013009666914939322, -5.376150628219056E-4 
-0.0012482082476830136, -5.023279652469625E-4 
-0.0011953029039304397, -4.6698173529263753E-4
-0.001142234009653631 , -4.3157161969836766E-4
-0.0010889819781508825, -3.960923490381463E-4 
-0.0010355235591974488, -3.605380848307749E-4 
-9.818308791940122E-4 , -3.2490237571058955E-4
-9.278701666249889E-4 , -2.891781444204211E-4 
-8.736000032288915E-4 , -2.533577190430014E-4 
-8.189689029711733E-4 , -2.1743296822929192E-4
-7.639119094061675E-4 , -1.8139564850061518E-4
-7.083456889427353E-4 , -1.4523814537276136E-4
-6.521613388962288E-4 , -1.0895500520580192E-4
-5.95213666317429E-4  , -7.2546059133205E-5   
-5.373049666742569E-4 , -3.6022785350586783E-5
-4.781605391247501E-4 , 5.785315927431256E-7  
-4.173931524246166E-4 , 3.716920704871507E-5  
-3.544588567777618E-4 , 7.35505076892018E-5   
-2.8863335484663466E-4, 1.0930032556349945E-4 
-2.1912480479324703E-4, 1.435987331973032E-4  
-1.4555506625535397E-4, 1.7515922115907134E-4 
-6.869258725283878E-5 , 2.0272736598625496E-4 
9.682648027586893E-6  , 2.260142536618659E-4  
8.798505205398488E-5  , 2.4577012432402956E-4 
1.654450100875282E-4  , 2.630170889039718E-4  
2.418695145750549E-4  , 2.7856545345239514E-4 
3.1730839086785423E-4 , 2.929569049679448E-4  
3.9188175884774523E-4 , 3.065390573729898E-4  
4.6571496504810295E-4 , 3.195369421291061E-4  
5.389188524542732E-4  , 3.321000537092056E-4  
6.115862242972447E-4  , 3.443307413747987E-4  
6.837933829519915E-4  , 3.5630117038876197E-4 
7.556028733722853E-4  , 3.680636232214485E-4  
8.270661491412978E-4  , 3.7965691417701786E-4 
8.98225806633568E-4   , 3.9111049253875985E-4 
9.691173861855473E-4  , 4.0244714199955123E-4 
0.001039770786834593  , 4.1368480127357277E-4 
0.0011102113573882022 , 4.2483781921648367E-4 
0.001180460761276536  , 4.359178425987764E-4  
0.001250537656482642  , 4.4693445596810655E-4 
0.0013204582195278647 , 4.5789564983289566E-4 
0.0013902365743354572 , 4.688081732760474E-4  
0.0014598851361448117 , 4.796778034864002E-4  
0.0015294148745913505 , 4.905095538374482E-4  
0.0015988355372120733 , 5.013078413886318E-4  
