year, object, x, y, z
1800, Mercury, -2.244013315755721E-01,2.057270391013948E-01,1.332234485669232E-01
1800, Venus, -6.198721645633813E-01,3.153238695036784E-01,1.809785458757906E-01
1800, Earth, -2.335272368413936E-01,8.761040161245328E-01,3.803009214671049E-01
1800, Mars, -1.091006670728204E+00,-1.023416357371148E+00,-4.393075644460416E-01
1800, Jupiter, -3.332523549890216E-02,4.716726585178382E+00,2.023474162121249E+00
1800, Saturn, -5.688446241346401E+00,6.482572796931095E+00,2.917729756531538E+00
1800, Uranus, -1.827129058382439E+01,8.025104984504524E-01,6.117038149426866E-01
1800, Neptune, -2.030908344466949E+01,-2.100925278230647E+01,-8.093992977082019E+00
1800, Pluto, 3.632825994292361E+01,-1.185371760198373E+01,-1.464082056118242E+01
1800, Moon, -2.308923838966673E-01,8.760575782976650E-01,3.801184235562526E-01
1600, Mercury, 2.815130483475479E-01,-2.607857052202074E-01,-1.686422019631003E-01
1600, Venus, -3.063453898428612E-01,5.855029990315180E-01,2.821082523651440E-01
1600, Earth, -2.723016018565025E-01,8.664130446551612E-01,3.765547511164087E-01
1600, Mars, -8.649976739982417E-01,1.256516993884537E+00,6.002933178706897E-01
1600, Jupiter, -4.069759047938697E+00,3.146798785950449E+00,1.449751585432232E+00
1600, Saturn, -8.650286164624928E+00,-4.292639918236982E+00,-1.401537276117744E+00
1600, Uranus, 1.609537075089131E+01,1.061622328441200E+01,4.421402807054591E+00
1600, Neptune, -2.658719914682769E+01,1.288689270226307E+01,5.935916205553375E+00
1600, Pluto, 4.102902627901909E+01,2.572309469770782E+01,-4.337648886449495E+00
1600, Moon, -2.734689538563713E-01,8.685029393889995E-01,3.775034004546552E-01
1400, Mercury, -2.437430460878900E-01,-3.549155893302231E-01,-1.635288014853086E-01
1400, Venus, -6.795304191291353E-02,6.518131529241591E-01,2.962637912112509E-01
1400, Earth, -4.557655942534790E-01,7.994182989614759E-01,3.478480199497565E-01
1400, Mars, 1.392962853403515E+00,1.438993946391895E-01,2.634133531943333E-02
1400, Jupiter, -5.414968146758142E+00,-6.017296661755115E-01,-1.247207443818559E-01
1400, Saturn, 1.327865183987498E+00,-9.243385543440102E+00,-3.863747677873349E+00
1400, Uranus, -7.362635340821944E-01,-1.764293449777010E+01,-7.719258527239393E+00
1400, Neptune, 7.980725697027270E+00,2.667219936905715E+01,1.071887386222496E+01
1400, Pluto, 1.367496577770742E+01,4.442382312967283E+01,9.729898089014901E+00
1400, Moon, -4.531108561603535E-01,7.988682904831543E-01,3.478042061068288E-01
1200, Mercury, 9.595471703104659E-03,2.727804239198816E-01,1.443225067474589E-01
1200, Venus, 3.656116434902121E-01,5.763795119203385E-01,2.344210175664524E-01
1200, Earth, -4.758405654618548E-01,7.893819321627591E-01,3.439048839884659E-01
1200, Mars, -1.005322037814225E+00,-1.075106168662739E+00,-4.636348446984438E-01
1200, Jupiter, -3.279154893754927E+00,-3.956145301087518E+00,-1.616658184798483E+00
1200, Saturn, 9.362759491604065E+00,-1.745533176835818E+00,-1.110900886912555E+00
1200, Uranus, -9.871424004513212E+00,1.436686017309907E+01,6.437986991996747E+00
1200, Neptune, 2.983305455540426E+01,-1.570271244940247E+00,-1.383891846693486E+00
1200, Pluto, -2.296389175494421E+01,2.626583047835277E+01,1.510070177797354E+01
1200, Moon, -4.763245797784243E-01,7.918687391849151E-01,3.448607255697583E-01
1000, Mercury, 1.178742434181548E-01,-3.793149002518374E-01,-2.145289502788121E-01
1000, Venus, 6.617266018322256E-01,2.835922047808470E-01,8.430964402307420E-02
1000, Earth, -4.956552158020884E-01,7.790428729486383E-01,3.398190479332849E-01
1000, Mars, -9.293070459034054E-01,1.224520280724277E+00,5.883082836625351E-01
1000, Jupiter, 1.012715043706197E+00,-4.673751058785123E+00,-2.031990555668611E+00
1000, Saturn, 3.579071313772439E+00,7.706364908637564E+00,3.019653497669377E+00
1000, Uranus, 1.969568195873297E+01,-3.344082421076119E+00,-1.749856646629992E+00
1000, Neptune, 4.801396852853417E+00,-2.757912646474351E+01,-1.140772656090508E+01
1000, Pluto, -1.910571216026583E+01,-2.264596288973092E+01,-1.303614899280486E+00
1000, Moon, -4.979134275864993E-01,7.777676134836189E-01,3.393027777533132E-01
800, Mercury, -3.844134822033381E-01,1.383237097648452E-03,4.190553121235944E-02
800, Venus, 7.118229660023506E-01,-1.150461631211081E-01,-9.689484431694609E-02
800, Earth, -5.153365725084398E-01,7.682789880656309E-01,3.355479654669780E-01
800, Mars, 1.398476409925704E+00,1.084898954864782E-01,7.994468094007180E-03
800, Jupiter, 4.485546871053899E+00,-1.996253625516990E+00,-9.696339707540138E-01
800, Saturn, -8.025733427494956E+00,4.132186642511545E+00,2.029409668197067E+00
800, Uranus, -1.504044186952191E+01,-1.003951018089633E+01,-4.182403447725694E+00
800, Neptune, -2.783314476432535E+01,-1.129424320762601E+01,-3.931957932941244E+00
800, Pluto, 3.017293942804587E+01,-1.880395692589844E+01,-1.494134066378563E+01
800, Moon, -5.134857782250104E-01,7.667012710448956E-01,3.348895700060140E-01
600, Mercury, 3.563976085148864E-01,-7.101053135219580E-02,-7.612968597026180E-02
600, Venus, 5.000871079322681E-01,-4.716032214743194E-01,-2.420379831171046E-01
600, Earth, -5.348820660678483E-01,7.569977779915510E-01,3.310404304652297E-01
600, Mars, -1.038148080765305E+00,-1.046634144236244E+00,-4.478361999316942E-01
600, Jupiter, 4.378401255047831E+00,2.194918599022503E+00,8.329538696143255E-01
600, Saturn, -6.939490791121083E+00,-6.726760909103779E+00,-2.476621629694313E+00
600, Uranus, 6.415631207466327E+00,1.672133877211204E+01,7.237274752943861E+00
600, Neptune, -1.788416701299569E+01,2.213149126733818E+01,9.502437615177177E+00
600, Pluto, 4.318070613666284E+01,1.891411137783721E+01,-7.106912544069606E+00
600, Moon, -5.337325366725943E-01,7.590681800503550E-01,3.318637726926286E-01
400, Mercury, -2.750288372139844E-01,-3.350318376076822E-01,-1.482796241130832E-01
400, Venus, 1.053970840175784E-01,-6.556135573633595E-01,-2.982074397844630E-01
400, Earth, -5.541692704324016E-01,7.452978144142570E-01,3.263400430680776E-01
400, Mars, -8.836826947408738E-01,1.252620372962858E+00,6.005459315238348E-01
400, Jupiter, 7.706855408945160E-01,4.651673059131735E+00,1.979368408064715E+00
400, Saturn, 4.051639036217904E+00,-8.426827127093953E+00,-3.622366928932428E+00
400, Uranus, 1.070807822106346E+01,-1.511743318360418E+01,-6.784188703182368E+00
400, Neptune, 1.974866009816579E+01,2.082425650972759E+01,8.033621021565104E+00
400, Pluto, 2.101089694193414E+01,4.304434763879863E+01,7.079327628671223E+00
400, Moon, -5.565455386466232E-01,7.456686170920850E-01,3.266465006409128E-01
200, Mercury, 5.744228001102311E-02,2.696396752546625E-01,1.369481125822112E-01
200, Venus, -3.277922297133329E-01,-5.989743609181248E-01,-2.447791919509333E-01
200, Earth, -5.731771936275054E-01,7.332241911434900E-01,3.214809466207139E-01
200, Mars, 1.402694952144520E+00,7.368267462663529E-02,-9.982544758400540E-03
200, Jupiter, -3.522276642452467E+00,3.624371720128627E+00,1.647503416761422E+00
200, Saturn, 9.301171737387920E+00,1.062206078566091E+00,6.053210242790732E-02
200, Uranus, -1.736313842315804E+01,5.328773353570468E+00,2.590736737313631E+00
200, Neptune, 2.609163400663921E+01,-1.348697406665825E+01,-6.167491018039692E+00
200, Pluto, -1.611761902747511E+01,3.386581519279523E+01,1.539165379246229E+01
200, Moon, -5.732426150496712E-01,7.310676837705248E-01,3.203761266981603E-01
1, Mercury, 3.285130346471484E-01,-1.768669666816352E-01,-1.297762677068508E-01
1, Venus, 2.186378040541464E-01,6.326394046025995E-01,2.663061080896303E-01
1, Earth, -6.023130326924827E-01,7.135857948646784E-01,3.132824475580374E-01
1, Mars, 3.208834722729634E-01,1.394058063967420E+00,6.276116940493679E-01
1, Jupiter, -4.857883798511003E+00,-2.271188583780227E+00,-8.524396505905054E-01
1, Saturn, -1.881484706159987E+00,8.110348771381151E+00,3.397337120317756E+00
1, Uranus, 1.775955234255069E+01,8.311444899947418E+00,3.384014215868632E+00
1, Neptune, -7.307940180667937E+00,-2.728083645592864E+01,-1.098526363143782E+01
1, Pluto, -2.633384778221007E+01,-1.400257300787787E+01,3.565560928686400E+00
1, Moon, -6.046588249763026E-01,7.140998109314650E-01,3.133184564988949E-01
